# Created by Octave 4.0.3, Mon Jan 09 13:59:11 2017 BRST <adalberto@debpc>
# name: logging
# type: scalar
1


